 -3.3520598e-006
 -7.8596630e-004
 -1.4439532e-002
 -6.9322956e-002
 -1.3503911e-001
 -1.3201194e-001
 -1.1715203e-001
 -1.8003200e-001
 -1.9047511e-001
 -1.0920432e-001
 -1.3844322e-001
 -1.9834918e-001
 -1.3094547e-001
 -1.1181862e-001
 -1.6375960e-001
 -1.2906328e-001
 -8.1185970e-002
 -1.3302296e-001
 -1.4731326e-001
 -8.5074928e-002
 -1.2197774e-001
 -1.6608456e-001
 -9.7208259e-002
 -9.6486570e-002
 -1.6828947e-001
 -1.1396420e-001
 -7.1978703e-002
 -1.6063445e-001
 -1.4683853e-001
 -4.8945269e-002
 -8.3338871e-002
 -1.1157957e-001
  1.1666556e-002
  5.0128283e-002
  1.7387073e-002
  8.7600548e-002
  9.9052139e-002
  3.3043347e-002
  5.5315045e-002
  1.1766584e-001
  7.5125593e-002
  9.2971487e-004
 -6.6405341e-003
 -1.6547485e-002
 -3.9243003e-002
 -1.7630635e-003
  1.4236055e-003
 -1.1668930e-001
 -1.5701093e-001
 -9.7203203e-002
 -1.6522855e-001
 -2.2373735e-001
 -1.3686709e-001
 -1.3927747e-001
 -1.9477036e-001
 -1.3843286e-001
 -1.0777381e-001
 -1.6704059e-001
 -1.5722233e-001
 -1.5077618e-001
 -2.5346719e-001
 -2.1894349e-001
  1.2456257e-001
  6.3317673e-001
  1.3865453e+000
  2.3380421e+000
  2.7069908e+000
  2.1455424e+000
  1.0973066e+000
  1.9960563e-001
 -4.7019483e-001
 -9.1259291e-001
 -8.8259416e-001
 -7.6069787e-001
 -7.1553953e-001
 -5.1540355e-001
 -3.1009605e-001
 -2.1767389e-001
 -1.0916550e-001
  1.7239325e-002
  9.6990343e-003
 -2.7035318e-002
  5.9992723e-002
  5.1329421e-002
 -1.3513053e-002
  6.0046549e-002
  9.2537607e-002
  2.6493317e-002
  4.8625523e-002
  1.1683401e-001
  6.8182036e-002
  1.6883900e-002
  7.7781528e-002
  9.0675663e-002
  4.6845884e-002
  9.2565563e-002
  1.3617769e-001
  1.0996648e-001
  1.3734174e-001
  2.0042837e-001
  1.9478197e-001
  1.9395327e-001
  2.8778820e-001
  3.4439702e-001
  3.5287765e-001
  4.5450983e-001
  5.4366253e-001
  5.2054991e-001
  5.8460280e-001
  7.0122501e-001
  6.6845115e-001
  6.4715888e-001
  7.1880307e-001
  7.0188141e-001
  6.3048029e-001
  6.4334583e-001
  6.4997866e-001
  5.3268278e-001
  4.5989872e-001
  4.4726950e-001
  3.1588643e-001
  2.2536013e-001
  2.4679969e-001
  1.6226973e-001
  6.6742951e-002
  8.9265277e-002
  5.1447959e-002
 -3.9128490e-002
 -3.3114073e-002
  9.4851496e-003
 -4.2011453e-002
 -8.7359086e-002
 -2.3038617e-002
 -4.1010650e-002
 -1.1772315e-001
 -4.8924937e-002
  2.4540121e-002
 -3.2790678e-002
 -1.4449560e-002
  6.1947630e-002
  8.2053815e-003
 -7.0832705e-003
  6.5124455e-002
  2.8442880e-002
 -2.1473525e-002
  4.6645859e-002
  8.1147514e-002
  3.0137943e-002
  4.7106474e-002
  9.2003735e-002
  4.4317641e-002
  3.2911568e-002
  1.0128336e-001
  7.0823163e-002
  5.0882301e-003
  6.8355337e-002
  9.9559789e-002
 -1.4165650e-002
 -2.3898911e-002
  5.1196392e-002
 -1.4321392e-002
 -6.2792319e-002
 -1.3898034e-003
 -3.6905267e-002
 -1.1456283e-001
 -6.3755309e-002
 -4.5639769e-002
 -1.1563964e-001
 -9.2986696e-002
 -3.0640012e-002
 -7.9112293e-002
 -1.1022184e-001
 -3.4344235e-002
 -4.9514476e-002
 -1.1137174e-001
 -5.4787087e-002
 -4.4068234e-002
 -1.1910863e-001
 -1.0241803e-001
 -5.0699398e-002
 -9.2036280e-002
 -1.2070584e-001
 -5.4307330e-002
 -5.7365130e-002
 -1.2776404e-001
 -7.7078331e-002
 -2.3700820e-002
 -7.3566944e-002
 -3.3260361e-002
  5.8477886e-002
  4.4542661e-002
  5.0075556e-002
  1.0944705e-001
  8.0694464e-002
  6.4857837e-003
  6.7214055e-002
  1.0798369e-001
 -1.7438089e-002
 -5.7941048e-002
  2.0716958e-002
 -6.2906124e-003
 -4.2405356e-002
  1.4981229e-002
 -7.3851500e-002
 -1.8834255e-001
 -1.1559211e-001
 -1.3121774e-001
 -2.3845439e-001
 -1.7516487e-001
 -1.1997934e-001
 -1.9370181e-001
 -1.9145090e-001
 -1.2565306e-001
 -1.6387855e-001
 -2.3220222e-001
 -2.3676478e-001
 -2.4837187e-001
 -2.2316450e-001
  7.8219528e-002
  7.2450607e-001
  1.5164594e+000
  2.3266114e+000
  2.6655045e+000
  2.0782813e+000
  9.5898872e-001
  9.5603322e-002
 -5.2735671e-001
 -9.3437798e-001
 -8.8097446e-001
 -7.2702319e-001
 -6.6798206e-001
 -5.1459350e-001
 -2.7003957e-001
 -1.2666674e-001
 -1.0590684e-001
 -3.0570322e-002
  2.9098812e-003
 -5.4429363e-002
 -6.3053974e-004
  6.8634088e-002
  1.8086147e-002
  3.9736122e-003
  6.8579789e-002
  4.0354136e-002
 -1.0892122e-002
  6.4584052e-002
  8.3099837e-002
  1.3035583e-002
  6.3090750e-002
  1.3222556e-001
  7.3855545e-002
  7.9899960e-002
  1.9079995e-001
  1.6866971e-001
  1.2118905e-001
  2.2851757e-001
  2.8290486e-001
  2.5064299e-001
  3.4475735e-001
  4.4249316e-001
  4.0143415e-001
  4.4058080e-001
  5.6653251e-001
  5.8686952e-001
  6.0854945e-001
  7.1791865e-001
  7.4338134e-001
  6.7978575e-001
  7.1174402e-001
  7.6097489e-001
  6.9171892e-001
  6.4662853e-001
  6.7084796e-001
  5.7610132e-001
  4.6218817e-001
  4.4921089e-001
  3.7282486e-001
  2.6162414e-001
  2.4823626e-001
  2.2040494e-001
  1.1343175e-001
  7.7569683e-002
  1.1845403e-001
  6.3800066e-002
  1.7387239e-003
  3.8777495e-002
  1.3398789e-002
 -6.0141182e-002
 -2.2316915e-002
  4.2776473e-002
 -1.6786072e-002
 -3.1728596e-002
  5.2162369e-002
  7.2967855e-003
 -4.6413812e-002
  5.4937488e-002
  7.8679378e-002
  1.7587025e-002
  6.8103530e-002
  1.2168568e-001
  6.3904615e-002
  5.2399657e-002
  1.1370232e-001
  7.7316718e-002
  1.5871595e-002
  6.6643701e-002
  8.5568187e-002
  1.2565486e-002
  2.5965558e-002
  6.6806254e-002
  1.0030945e-002
  7.6010750e-003
  7.1627424e-002
  2.4779849e-002
 -2.1882055e-002
  3.6852933e-002
  2.8559025e-002
 -2.7833610e-002
  1.5803928e-002
  6.1052474e-002
 -1.3574445e-002
 -4.6073628e-002
  2.0021388e-002
 -1.4208463e-002
 -6.7204933e-002
 -5.3998851e-003
 -1.3312049e-002
 -9.0497963e-002
 -4.5196644e-002
  8.9881567e-003
 -5.5724674e-002
 -7.6012974e-002
 -3.0713190e-002
 -6.9115071e-002
 -8.8402796e-002
 -6.8417534e-003
 -1.2660458e-002
 -7.8913411e-002
 -3.8100185e-002
 -6.1925685e-003
 -8.4322295e-002
 -9.1404740e-002
 -1.0147031e-002
 -4.9592472e-002
 -9.7445922e-002
 -5.4169921e-003
  1.0388584e-003
 -6.9423266e-002
  2.7595671e-002
  1.0496244e-001
  4.5810357e-002
  8.2850980e-002
  1.5124185e-001
  8.4348708e-002
  5.6772343e-002
  1.3154742e-001
  1.2266929e-001
  4.0258835e-002
  3.9565530e-002
  8.4888036e-002
  3.6304062e-002
  2.6590497e-003
  5.8751767e-002
 -2.6712211e-002
 -1.4143264e-001
 -6.0276941e-002
 -7.6816391e-002
 -1.8710245e-001
 -1.1384863e-001
 -6.9810993e-002
 -1.5820043e-001
 -1.4873339e-001
 -9.8951055e-002
 -1.5027992e-001
 -1.8823126e-001
 -1.6517198e-001
 -2.0242936e-001
 -2.0743352e-001
  8.7135076e-002
  6.7861085e-001
  1.4241762e+000
  2.2876095e+000
  2.7079319e+000
  2.2142430e+000
  1.1544965e+000
  2.4056247e-001
 -4.0815230e-001
 -8.6364252e-001
 -8.7013522e-001
 -7.3356730e-001
 -6.8241180e-001
 -5.2614256e-001
 -3.1036587e-001
 -1.5295822e-001
 -7.3842238e-002
 -8.8588119e-003
 -6.0033759e-004
 -6.0416621e-002
 -4.2803271e-003
  5.4869351e-002
 -1.6976452e-002
 -1.8760423e-002
  5.1141257e-002
  2.8489035e-002
 -1.7842349e-002
  3.0374667e-002
  4.7415515e-002
 -3.8263494e-003
  4.9737715e-002
  1.1120000e-001
  5.8492575e-002
  8.0003418e-002
  1.5832832e-001
  1.0645467e-001
  9.0093252e-002
  2.0216651e-001
  2.2624189e-001
  1.9054985e-001
  2.6583402e-001
  3.5669829e-001
  3.4856599e-001
  4.0353519e-001
  5.4238683e-001
  5.5928106e-001
  5.6470535e-001
  6.7857175e-001
  6.9774233e-001
  6.3274181e-001
  6.9033785e-001
  7.2215711e-001
  6.2543214e-001
  6.0652149e-001
  6.2541378e-001
  5.2529178e-001
  4.2171343e-001
  3.9590868e-001
  3.3772261e-001
  2.2153519e-001
  1.9753346e-001
  1.9567724e-001
  7.2111057e-002
  2.7548507e-002
  6.7620329e-002
  1.6553552e-003
 -5.3112567e-002
 -6.0532388e-003
 -2.8369639e-002
 -1.1778185e-001
 -7.5564632e-002
 -1.5196337e-002
 -6.6723973e-002
 -6.6091788e-002
 -2.1030774e-002
 -8.9067014e-002
 -1.1515602e-001
 -3.5760982e-002
 -5.1150116e-002
 -1.1889163e-001
 -5.3581857e-002
 -5.9075895e-004
 -6.6456336e-002
 -4.9031953e-002
  1.3915822e-002
 -4.4127761e-002
 -8.9186575e-002
 -2.5045865e-002
 -7.5224875e-003
 -7.8667795e-002
 -7.6077746e-002
 -5.3426540e-002
 -1.1638036e-001
 -1.2052591e-001
 -6.9616099e-002
 -1.1929011e-001
 -1.5516541e-001
 -8.7821146e-002
